 	XM	YM
1	742	14
2	783	19
3	940	34
4	1092	52
5	1134	56
6	222	87
7	220	115
8	1072	114
9	576	124
10	571	151
11	219	155
12	924	164
13	215	182
14	923	189
15	569	192
16	563	219
17	921	230
18	918	250
19	79	275
20	943	282
21	44	295
22	67	296
23	201	310
24	355	324
25	332	323
26	394	332
27	417	333
28	551	347
29	683	361
30	706	362
31	746	369
32	769	371
33	903	384
34	1031	380
35	1056	399
36	1033	398
37	1097	406
38	1119	407
39	1254	421
40	945	424
41	186	437
42	10	456
43	183	465
44	539	474
45	1262	470
46	534	502
